Jam 11.48 WIB (15 Menit)

1.11112211111232222312123121132311213213111222222222232122111312221112311122232322313222213322111311312222222232123232212211121121222232133213233233223231111222122222112112213321123112111113112123232133133233311233222312112111122
2.233223232113121332121211222211123113112121211231111211311221332132331311122231333212223313133212332121212221123332311123133133321313132222131131313332113123112221211321321211223212221131212
3.111111112311123231223212223221331113111222211322222211111111113331113222122233222213111111111111111111211222111231123122132211122332221232211111111111113211112313322213223223222132223313
4.1212221131221223223233111211221311121222122223111112231222112113222312111312112112112121211111212113221122113122221221131222111211111112222211131111311
5.1112212222121221111123111111111112222232222221112222221111111121111111122231222231111211111222222212211232222111111222211121322211113331112231111221122321113331132111111222221123311111132111111111111111
6.23232312223121321221211212213212112221112323233213322131221111111121222113211231322212131111111321212333231322323122232132331212131112232112221211211211212121113333133122223231223331123221311213131232111







