Jam 07.58 WIB (15 Menit)

1.111111121223111222222111111112111112222211222211111121111212211211122121121112221222112211221111111111112212211122112211211232211211111111122221121111111122211112221121322111111111221121322111122111111121112212
2.1111112211111112222322123111111222232333221311111111122232232221112232132321112111111111121131211111112232312122122111112232112111211312211
3.2212212112213211211221121121122211
4.111212222112211121111221
5.1221111123121112111222121112111121111112111112121111121211211111211111111111111111112121211221211231111121121112121222111111211211221112122211121122222112212111111211121111111221121121111211211112122111121111112121211113211111111111113111112111112222121111312112112211122111221111111311121111211121211212112211111112121211211111112211212
6.1212112121211111222211231223213121111121121111112111213113113211111112111311121111221111231211231231211311132111112121311121211122
7.1111123222122122122223111212222122111111111111111123122312111111111222221221111221211111123221111111112221221122222111111111111212113111122212111
8.1111211111111222222223221232122231221223113211111111222121222311111332123211321111112221221221113211323222221111112111111121322223111111111111221221221
9.2211111122121221111111121122121111211121111111112221112221121111211112112211121211221212111212111111122122132211122222211212212121122111212112211111112212222112211111121112111211212111111111121221121221122211211111211111111212111211222122211112
10.1211112212132222311111111121211122221211111111222211111111111111111221221111221111222121122221111112122111122212311111111111111111211211222221221112211
11.1112111111123111111111211211112221121221221111111111121111111111212121111121111211121111221212111121121121211121111211111112221122112122111111111122122211112112211212222111111111121111111111121111211111111112112111111222132112112212122112121111212222211111111112112112211111211112121112111111111111112112111112111112111121111122122111221111212111212121222
12.11112111211122111111121121111121121112111222321111222121221111111121121122111122121221121111131222111112121111211121122212212131122121211211111111112111111212121131122211211122211112211121211111
