Jam 08.04 WIB (15 Menit)

1.11111111111311111221131112222111111112122332211311121111113111121111111222212222211111111111211111131122211222211111111111211122211111231211112112222221221221111111112111121111222222122111121111122
2.11112211313332223323333223111122212212212121233213111321111111111221311132323231123311221213211221233311111111211122311223322222111223223223221231111111111113223132222321113111232211111123132323331123112333331111122112211311223131133132232111111112331221311211121311131332211231
3.1111111131111131111211131112112121111122
4.11132111111311111121233332211112321111
5.121211112121221111211211111111111112111111111112221111111122112121121111211121121211111111211111112121121111221111111211111212211122121221111111121111122111131111211112121122111111122111111111111221112211111111122111111211121211111211121111211111121111112111111111211111211121121122211111112121111211211111121123111121121111211211111211111111111121111111111112121212211111111111111111211111211112112121211211122211111111111211112112111111111322111213111111111121211111111111111121111111211111111111121111113111111111121122111211112111222121111111121111111111111221212211111211121111
6.1112111311211111112312222211113213113211211111121311113111121111111111122322211111311311131121122111332111122322111223312232322111211121211113113231212121221211132233111112111111132321233111332111
7.1111111113121111122212112122311111311113111212221111122311222111111121211123112111121123121222121211211113212122112131112321111111111122212211321112223111132212311211111113111111123123111111122
8.1111111113122323111321322212211111321111123123222333211111111122211223223122211311111121111122221331221223221131221213111111112111111112323133332232311121211111111112122222321233211111211111112112231112232211111222112232112212121
9.23211123211221111212221111221222112211121131222211221121211122111211221121112111222112112121111122111112111111232112222221121222111111111111211111212111121212111111212112122122121112131222111121112221221212212221111221211112111111112112112212
10.111111111112122221222221211121212111111111111222212211121311222212211112122221221211111312213222111221221111111221132222122211112222122121111112121212211112111121121111221222222221222211111111111111111122211112121222112211122121221121111111222111211112212221211122223122111111111111111211112112222212311121121121211
11.121211121211111211111111122111222211121111122112212211111112321112111111111111112211121122112121111122122111111111111211111111211111221122111111211112121112222111111221112111211221112121121122111111121211232112111111111211111121112121121121111112112111111112211112111121111311113212322111121211111111112111121211111121132211111112111111122221111112111112121212111221111111112211212112112111111121212112212112112111212211111213111212112111122112112112121123111321212122111112211111113222111121221112212112111212211111111111111221111111122111111221112111211112211111121122
12.123212111112111211121111111111212112221112212311132111221112122112221211221212112111311312131111133111311111111121111212212121112212121112111111221121113112112211211112221212122121121112112121121111111122121121111121131111111211212222111111112121112112212221111
