Jam 08.10 WIB (15 Menit)

1.1111111111211131122111111123111212312221111111111111221121322123321111111111131222211323111121111111121111111123112223222131123211222212222211111111111112122222111112231
2.31121111111111111112312211331112311111122122231111111111111111121222112223213111211133111111111111111111131113112211232223222121132212112121111111111111111213222112311121121111111111111111111111111111231121231323121121111111111111111111111111111111113112211211222312222311112232322111111111111111213221112111212323111311131131111111111111111133
3.2122221212122111122222121111222222211122112211111221111211111112112222121112222212212212212212111222121212122221211212221121111212111121211111122222221122221222221121211122221112221122122211222222221111212221112
4.1111111111122211122112221111212112222221212112221222111111111221112122121212221111222211111111111111111111111112212112222121122212221122211111111111112211111122222111211112222122112211111111111111122111221222122122212222211111111111111111221221122122122222122212212122211111111111111111112211212222221222221222221
5.1211111111211111111111111222221121121221111222111112111122121111122121211111222212111121
6.11111111222221211111112
7.12221221211
8.111111111111112221111221121211111111222311112331211112311111111111111111122112231231323223111111111211223222212112323331111111111111111112222322121222112212311111111111111133222321111111111111111112212212212111111111111111111122232223113321111
9.3311112123122311311213122121111211211311121111111221131123331111123333111121111331321122211111311111111
10.11111211133311321111111212221113111111111131111111211111222111111123111113111111131111121211311111111231321113111311332221
11.111111121211212111111111121222211122111222112111121112111112121122111221112222222122
12.1122211311113212111111111132232211121221111113111321311112211122221111111233221113132311221132222211111211213121111131212222111212121121111233333232112112222311313131232121221223313111122111111113211321223212123111113112131131111321311211231111321311211112131123122233113123222133211232111232111131232112



Jam 11.17 WIB (15 Menit)

1.211321212222122111111111211112123222321122222112222211131111123231112222212111112311132222222111321212231222111222133131211112121123213222111113113311233222222111122312
2.11111111111213322123231222222123311111111111131112133223223113212322232212111111112222222231223331123111111311121122221322313221232311121311132222213223221111111222233312312232211321111121122231222332312333322211121123322211311
3.12212111112212211222211111121121222211121221112212211112211122221112111121122222211211112111121121122122212111221222111212221112111222122122122222211212112111112211212211222122122111112112122
4.1111111122212112112111121222222211211111111112112122122212121222211211111111222111122222212222222121111111111112221222222222211222111111111121222212112222222222222112111112222222222222222212222211111111122222222222222
5.111111222221122221111112111222221111222221122222222211222212121322111
6.1111222111211212212
7.2213222121222221
8.1111111112321232333211132133311111232322332222233113211321122232222322332311211123211221231233111111111122211322221213311111111111111113222112323322222323111111133333222333233221232221
9.2122111121322111111122122111122123121222111211122212231123232122121111333211112221
10.1121111322232221113333111311223312222311123322222123111111121112312233311
11.11112222212112121122222121111112122222222111111111122
12.12122122321211123122211122311111133133221111112311211212322132211222121232111213121121123132221222332313311113123321131211231322311112322312112131113131131321332321131322132211123123133332122332211121



Jam 16.07 WIB (15 Menit)

1.11111111121122321121123121211222222111131111111122112121132221123111111111112123212222222311111132212222211332312211111111122123331111121322132231111111312312122222111111323332331132122222212331
2.22233222222322221111111111111111111111111113222332222323311111111111111111111111111111223232232222223231111111111111111111112222232233322111111111111111111111111111311111113222332322232123311111111111111111111111111123223223322223211111111111111111111111111111112111111111122112211221131131211111111111111121223113212111233312222111
3.122211111121121122111122222122121122312121112221132112221212112111122112232212322222122211122222111222121211111112112112112211222122112212212222111212211211121111212122111212112212222222211112211112111212222111122122222212111121121111222211
4.11211111111111111221121111212221121211221222212221111111111212222222222121111111111112231212122112222112212211111111111121122112222322111211111111111211222121122111122212112211111121222112212222121121121111111121221112112222122231221221
5.12111121111112222112222111111122311121122211211222221111111112111222111111111
6.11111121212111
7.12211222
8.1111133322211111111122111133222222111222223113231111222322232323211111111111111111111111111111111111111231111111111111111112111111231222111232211322221322211111111111111111121322322211111111111111112122213231123313211233111131111111111111111111221111221332322121132122121111111111221111111111332231111123222332323311111213111133
9.3312321123111211131111122132311211111213112111221222111111112111122311311311112323331313131232111111111
10.11113332211222111221111112111111211111111111111223112321111111111112231
11.221121111212211211222222111111112221111111111221211221222211
12.23113222132211113212211122111211211321211222212121113322131131111232111222111111123133122113333111122131211221312222221232132222211122131212211122131121211222131111111231122112113212313122222313312111223112111111111112113122131112231112311211321121231










