Jam 08.42 WIB (15 Menit)

1.111111232112112232322232321111211311123233323121211211233223211111111111222323222211133221211111111111222323223233112322211131222221
2.31121111112232213213211122322111111111111111123132223132231212131111111111221111123213123222223333321233331111111111112111313121222322123231111112121112222122123233331312311133311211122112111122322331233311323321233111111111111213211321331111213321112
3.113222212122121221212122212212222222111222211112211212112211121212111122212221122221222221211221211112111121111121221121222121222112221221211112222221111221211112122112122221111211121121122112122112122122222222212
4.11111222211122211112222111222212222212111111111111112122222122121122122111211111211121122111221222122222212112122112222221222212212211111111222212121222221222122211111111122222222111121212211111111111112211112222222
5.111111122111111221111212222211111212111222222121122111111122221111112222111111222
6.2122111111111
7.211
8.111111111111232112111111111111211232221221221333213312111111111111212111111212211222223222221131211111111111111111123232111112211111111311122221231122223322233321333211113111322222332112221112233312221122111111111111122211212233232132331111112112122211233221123323333212311
9.31111221131111111322223231122211121121212111111111113
10.111133332212211111111211221113111123231111223221321231111111211111222231231111122221122211111111122113212211111
11.111221111112121111112222112111111132121121221121111112212222112211111222222221
12.123332222221113111211111113213213212321122211111221211131311122121111131311122221111111122213132111




