Jam 08.01 WIB (15 Menit)

1.111111311111111313111113112311112111111111121131211113211112111211121132112211111122221121121111113111111232111111211111111111111131121111112321112112211111111111121111111111111112111111311111121111211211111
2.111112122222121111112211111112212311221111121111222223121312111221312222211111111111111112111222111121111111211111111112122321111212322211111112111211112212212211112121111112111112221112211111111
3.123111131111221111121112221121113122132211332121111111112121221111111232111111221122
4.11121111113211113222222321321111121111112211111211111123211121
5.213222223222231321223322232321321222322232212213232312122232322322222131223222221232331311233213322112222322133222122222121133333333333332321322321222212223322222322
6.121113111211131111212223112111121111111311121313313121313
7.1112111111111111211111111112111112323111111111
8.2211111112221111111111112111111111111111111122232112222221112221122112211221111111112221111211111112112222212111111111232222122222222311111111111112311111111122111111221111111111223111222222111111
9.111222111321321111222111331111122211111222212333222111222311111122221111333332221111222111333
10.1123113313221332222211122212222331221321221111111133232232211111121333311222211122111111111112112321322222112222221221111112122322212211111112212331123211223211211111222323111122112221111111121222231321
11.22313132213123322233212232332222211211223323212232213333213223321123132313212222323233332232221133313333323331122223
12.111112212112121121111112112211121111131111111121121112111121111212111111111121211112122111111223113231111212111111221121211112111212111112121121111111221211211121111112111211111111112111121121212121112121121121121111111111121123111111111















