Jam 11.07 WIB (10 Menit)

1.1121112112121111111111112331111111111111111111113112121111112112212211111111112211111
2.211111221221121212311222111122112112111112111112212112132222211112111212211222222111121112111111111122312211122122211112121111211121222223111111111112
3.221221112111212111221212122212221221112212221122122
4.122322222122222121121221231121111
5.22111222321111221331122221231211122222321231111221221211122222322323332123211221211221
6.2212311211211121
7.211112122131122131313
8.1111111222222113222212112111112222122222111111111112321211112221111112112111121211222112211112112221
9.2111111111222122211112111211111112123212131122211131332222112112131212123223232221221111123313211
10.2222112221112122222211121223321132312311121323213222331222121
11.33322221111122223321112221111333312221311112222221113312213222211112233311122222222111131332
12.133121332221121111111121211221111111111321121211111211211121112212111122112111221121113121










