Jam 06.05 WIB (22 Menit)

1.32133321331313122333213212333111131231131132
2.22121211221123111111131121
3.1222111212212122222221
4.111111121111121111111111111332131322111121111211111111112
5.1112111111123111211211211112211112113131111111111111112111111111111112111111111121211111111111111112111111111211222211211113111111
6.11121111211111131111111113111111311111112331111111111111111111


Jam 14.07 WIB (21 Menit)

1.2333223122113332213123211332331313333123122213223323131333222
2.32113333333113232321123132223332233313333131223232213322222331
3.233223233211312221233123221231123122222322222323333313332332223232231322222
4.1132221221212322121111222111123133311222212321211231211221121233321333231111
5.112112111212211212233311212321232231222122122111121223122212123223122111
6.31233232313333313133333331333233333333113123323113331332333131331233122123332231313331112333223



Jam 17.00 WIB (30 Menit)

1.121111111111111121221122221111111111111311113222211333111111112111112211321331312132222111311113121111111313111131333122321133211321
2.1211111222212123222221222322313111222232121213132311122221222112321112111222111133221212222222212321122
3.333321232321211331133121332232222222321122332331121212121122211131121313231231333221131122221233223212
4.3231111122112211211113211111112121112212311131222221212111132132221112211131221111133111111111111111111121212122122113111233111111111221121111111112111121111111312321111111211111131111121311211111111111121112112212211222111113211121112
5.123111113321131122111212112121111231222311111111221112112233221111211123313112211111122211131221111222111111111221121221111122112221122113
6.33233313331113111113213333212232133331223321211223121111112112212311111311211211111231111111113123313113211233111111














