Jam 07.20 WIB (17 Menit)

1.211111121231
2.11211113112111111111
3.31332223332222233132213211211221223132
4.2212121111211113111212111112121133
5.2111133111212112111212211111111211112111111111112121111211111121111122111111
6.111121111111111211233331211111111111


Jam 08.08 WIB (18 Menit)

1.2311221111211112311221111122111
2.1211111112222221221222111111111111111111111111111
3.1322111132212222222223222312
4.1123111121112113112111211112211121111122121211121111111121211111112221
5.11111121111121111111111121111211123122111112111112111111
6.1111331111113211121121111313311


Jam 09.11 WIB (15 Menit)

1.2131111311212211213221
2.2212121222111121212222121111111121113222112111222
3.22222131212211222211122212222221111111111111
4.21111221121122112213121121212111211211122112
5.112111111211121121111121212112111211121211111111123322112
6.112112113111221113121


Jam 09.31 WIB (9 Menit)

1.2212111112231121212111113122
2.221122211112222221
3.2122212111222
4.1121212121212112122211112211112
5.1212211211211221121321111222112111213211
6.22222111111123211


Jam 10.16 WIB (10 Menit)

1.1111112123221121
2.112212112211221121
3.22222222211211222122
4.11221111211212122212111122221211211121211111122122
5.21212121212212111121211122222222112111
6.22111121211111121


Jam 11.00 WIB (15 Menit)

1.21121111321112133312122212
2.1222233221222222232132223
3.222222222221122122222111321
4.21111212211211112111221111112121122221112111211211211311112111211
5.222212222122232221221321111211112111111111121221221122
6.122321312212222221113121112


Jam 14.26 WIB (17 Menit)

1.1231131122212111111111131111112321113213231221311
2.2211121212222212212211112233122222221
3.21212222221221221112222221222223322222
4.211222111112211112221221122122123212222211212211211113121121211111231
5.111111122121212221211111131122111222221122111111122122232222221111112112122
6.2112121331113112111112211223311111122


Jam 17.04 WIB (20 Menit)

1.1111121212111111111211221321211112231112
2.111231211111122122112322211221211222111223223131112232121211111113222122211122222222
3.2111212211111111211111222221111111222221211221122122321222222
4.111121221112121212131111111221111122222122222111311211312212111111212112121112212111211221121211221
5.1222212112111112121111111211121212122112211121112222222221112211212211221111121111121211111
6.11212121132111211111111212121113311111122111133322212123111311211122311111111112






















